##question 1


>>[FB]= fbnetwork("out.facebook-wosn-links.txt");
>>[degrees]=compute_degrees(FB);
>> [f_value]=friend_of_friend(FB,degrees);
>> [s,e,b]=comparison(FB,f_value);

s=5516
e=341
b=57874


1)f(u)<d(u)=  5516      In 5516 cases  user u have more friend than his friend.
2)f(u)=d(u) =  341		In 341 cases  the friend of u has the same friendin average as u has.
3)f(u)>d(u) =  57874   . In 57874 cases  user u have less friend than his friend



>> sum(f_value)/length (f_value )

average f =  58.357

>> full(sum(degrees)/length(degrees))

average d=25.640

In general observation we can say that our friend has more friend than us.

##question 2


>> [A]= load_sparse("prediction-graph.txt");
>> [square_A]= square(A)
square_A =

   1   0   1   0   0   0   0   0   0   0   0   0   0   0   0   0
   0   2   0   1   0   0   0   0   0   0   0   0   0   0   0   0
   1   0   2   0   1   1   1   0   0   0   0   0   0   0   0   0
   0   1   0   4   0   0   0   2   2   1   0   0   0   0   0   0
   0   0   1   0   2   1   2   0   0   1   1   0   0   0   0   0
   0   0   1   0   1   2   2   0   0   1   0   1   0   0   0   0
   0   0   1   0   2   2   4   1   1   2   2   2   1   1   0   0
   0   0   0   2   0   0   1   4   2   2   1   1   1   1   0   0
   0   0   0   2   0   0   1   2   4   2   1   1   1   1   0   0
   0   0   0   1   1   1   2   2   2   7   1   1   0   0   2   0
   0   0   0   0   1   0   2   1   1   1   2   1   1   1   0   0
   0   0   0   0   0   1   2   1   1   1   1   2   1   1   0   0
   0   0   0   0   0   0   1   1   1   0   1   1   2   2   0   1
   0   0   0   0   0   0   1   1   1   0   1   1   2   2   0   1
   0   0   0   0   0   0   0   0   0   2   0   0   0   0   3   0
   0   0   0   0   0   0   0   0   0   0   0   0   1   1   0   1

>> [e_square_m]= eigen_square(A)
e_square_m =

 Columns 1 through 11:

   1.00000   0.00000   1.00000  -0.00000   0.00000   0.00000   0.00000  -0.00000   0.00000  -0.00000   0.00000
  -0.00000   2.00000   0.00000   1.00000   0.00000  -0.00000  -0.00000  -0.00000   0.00000   0.00000  -0.00000
   1.00000   0.00000   2.00000  -0.00000   1.00000   1.00000   1.00000  -0.00000   0.00000   0.00000   0.00000
   0.00000   1.00000  -0.00000   4.00000  -0.00000  -0.00000  -0.00000   2.00000   2.00000   1.00000   0.00000
   0.00000   0.00000   1.00000  -0.00000   2.00000   1.00000   2.00000   0.00000  -0.00000   1.00000   1.00000
   0.00000  -0.00000   1.00000  -0.00000   1.00000   2.00000   2.00000  -0.00000  -0.00000   1.00000  -0.00000
   0.00000  -0.00000   1.00000  -0.00000   2.00000   2.00000   4.00000   1.00000   1.00000   2.00000   2.00000
  -0.00000  -0.00000  -0.00000   2.00000  -0.00000  -0.00000   1.00000   4.00000   2.00000   2.00000   1.00000
   0.00000   0.00000   0.00000   2.00000  -0.00000  -0.00000   1.00000   2.00000   4.00000   2.00000   1.00000
  -0.00000   0.00000   0.00000   1.00000   1.00000   1.00000   2.00000   2.00000   2.00000   7.00000   1.00000
   0.00000  -0.00000   0.00000   0.00000   1.00000  -0.00000   2.00000   1.00000   1.00000   1.00000   2.00000
   0.00000  -0.00000  -0.00000  -0.00000  -0.00000   1.00000   2.00000   1.00000   1.00000   1.00000   1.00000
   0.00000  -0.00000  -0.00000  -0.00000  -0.00000  -0.00000   1.00000   1.00000   1.00000   0.00000   1.00000
   0.00000   0.00000   0.00000  -0.00000   0.00000  -0.00000   1.00000   1.00000   1.00000  -0.00000   1.00000
   0.00000   0.00000   0.00000  -0.00000  -0.00000   0.00000  -0.00000  -0.00000  -0.00000   2.00000  -0.00000
   0.00000   0.00000  -0.00000  -0.00000  -0.00000  -0.00000  -0.00000  -0.00000  -0.00000   0.00000  -0.00000

 Columns 12 through 16:

   0.00000   0.00000   0.00000   0.00000   0.00000
  -0.00000  -0.00000   0.00000   0.00000   0.00000
  -0.00000  -0.00000   0.00000   0.00000  -0.00000
  -0.00000  -0.00000  -0.00000  -0.00000  -0.00000
  -0.00000  -0.00000   0.00000  -0.00000  -0.00000
   1.00000  -0.00000  -0.00000   0.00000  -0.00000
   2.00000   1.00000   1.00000  -0.00000  -0.00000
   1.00000   1.00000   1.00000  -0.00000  -0.00000
   1.00000   1.00000   1.00000  -0.00000  -0.00000
   1.00000   0.00000  -0.00000   2.00000   0.00000
   1.00000   1.00000   1.00000  -0.00000  -0.00000
   2.00000   1.00000   1.00000  -0.00000  -0.00000
   1.00000   2.00000   2.00000   0.00000   1.00000
   1.00000   2.00000   2.00000   0.00000   1.00000
  -0.00000   0.00000   0.00000   3.00000   0.00000
  -0.00000   1.00000   1.00000   0.00000   1.00000

>> [foaf_recom_list]=user_7_recom(A,square_A)
foaf_recom_list =

    5    2
    6    2
   11    2
   12    2
    3    1
   13    1
   14    1

foaf_recom_list =

    5    2
    6    2
   11    2
   12    2
    3    1
   13    1
   14    1

   ##question 3

>> [V,exp_A,exp_lambda,D]= exponential(A);
link prediction pair (1,2)
 0.10033
link prediction pair (1,3)
 0.0050125
link prediction pair (1,4)
  1.6717e-004
link prediction pair (7,1)
  4.1821e-006
link prediction pair (7,16)
  8.7100e-006
  
  
  ##question 4

>> [SD]= fbnetwork("out.ca-cit-HepTh");
>> [V,D]= sparseDecomposition(SD);
>> [exp_prediction_list]=link_prediction_for_user22(SD,V,D)
exp_prediction_list =

    10   559   155   443   246   718   717     7   302   268

>> [exp_prediction_list]=link_prediction_for_user1(SD,V,D)
exp_prediction_list =

   469   559   443   246   718   717   302   270   335   304

>> [exp_prediction_list]=link_prediction_for_user333(SD,V,D)
exp_prediction_list =

    155    443    718    717      7      8     30   1542    157    316

>> diary off
